4200974 4200974 4200974 4200974 4200974 4200974 4200974 4200974 4200974 4200974 4200974 4200974 4200974 4200974 4200974 4200974 4200974 4200974 4200974 4200974 4200974 4200974 4200974 4200974 4200974 4200974 4200974 4200974 4200974 4200974 4200974 4200974 4200974 4200974 4200974 4200974 4200974 4200974 4200974 4200974 4200974 4200974 4200974 4200974 4200974 4200974 4200974 4200974 
4200974 4200974 4200974 8337446 8337446 8337446 8337446 8337446 8337446 8337446 8337446 8337446 8337446 8337446 8337446 8337446 8337446 8337446 8337446 8337446 8337446 8337446 8337446 8337446 8337446 8337446 8337446 8337446 8337446 8337446 8337446 8337446 8337446 8337446 8337446 8337446 8337446 8337446 8337446 8337446 8337446 8337446 8337446 8337446 8337446 4200974 4200974 4200974 
4200974 4200974 8337446 8337446 8337446 8337446 16776422 16776422 16776422 16776422 16776422 16776422 16776422 16776422 16776422 16776422 16776422 16776422 16776422 16776422 16776422 16776422 16776422 16776422 16776422 16776422 16776422 16776422 16776422 16776422 16776422 16776422 16776422 16776422 16776422 16776422 16776422 16776422 16776422 16776422 16776422 16776422 8337446 8337446 8337446 8337446 4200974 4200974 
4200974 8337446 8337446 8337446 8337446 16776422 16776422 11710627 8355443 8355443 16776422 16776422 16776422 16776422 16776422 16776422 16776422 16776422 16776422 16776422 16776422 16776422 8355443 16776422 16776422 16776422 16776422 16776422 8355443 16776422 16776422 16776422 16776422 16776422 16776422 16776422 16776422 16776422 16776422 16776422 16776422 16776422 16776422 8337446 8337446 8337446 8337446 4200974 
4200974 8337446 8337446 8337446 16776422 16776422 11710627 13421240 13421240 13421240 8355443 16776422 16776422 16776422 16776422 16776422 16776422 16776422 16776422 16776422 16776422 8355443 13421240 8355443 16776422 16776422 11710627 8355443 13421240 8355443 16776422 16776422 16776422 8355443 11710627 11710627 16776422 16776422 16776422 16776422 16776422 16776422 16776422 16776422 8337446 8337446 8337446 4200974 
4200974 8337446 8337446 16776422 16776422 16776422 11710627 13421240 16776422 16776422 13421240 8355443 16776422 16776422 11710627 11710627 8355443 16776422 16776422 16776422 16776422 11710627 13421240 8355443 16776422 11710627 13421240 13421240 13421240 8355443 16776422 16776422 8355443 13421240 13421240 13421240 11710627 16776422 16776422 16776422 16776422 16776422 16776422 16776422 16776422 8337446 8337446 4200974 
4200974 8337446 16776422 16776422 16776422 16776422 8355443 13421240 16776422 16776422 13421240 8355443 16776422 11710627 13421240 13421240 13421240 8355443 16776422 16776422 11710627 11710627 13421240 8355443 16776422 11710627 13421240 16776422 13421240 8355443 16776422 8355443 13421240 16776422 16776422 13421240 13421240 11710627 16776422 16776422 16776422 16776422 16776422 16776422 16776422 16776422 8337446 4200974 
4200974 8337446 16776422 16776422 16776422 16776422 8355443 13421240 16776422 16776422 13421240 8355443 16776422 8355443 13421240 16776422 13421240 8355443 16776422 11710627 13421240 13421240 13421240 8355443 16776422 8355443 13421240 13421240 13421240 8355443 16776422 8355443 13421240 13421240 13421240 13421240 8355443 16776422 16776422 16776422 16776422 16776422 16776422 16776422 16776422 16776422 8337446 4200974 
4200974 8337446 16776422 16776422 16776422 16776422 8355443 13421240 13421240 13421240 8355443 16776422 16776422 8355443 13421240 13421240 13421240 8355443 16776422 8355443 13421240 16776422 13421240 8355443 16776422 16776422 8355443 8355443 13421240 8355443 16776422 8355443 13421240 8355443 8355443 8355443 16776422 16776422 16776422 16776422 16776422 16776422 16776422 16776422 16776422 16776422 8337446 4200974 
4200974 8337446 16776422 16776422 16776422 16776422 16776422 8355443 8355443 8355443 16776422 16776422 16776422 16776422 8355443 11710627 8355443 16776422 16776422 8355443 13421240 13421240 13421240 8355443 16776422 16776422 8355443 8355443 13421240 8355443 16776422 16776422 8355443 13421240 13421240 13421240 8355443 16776422 16776422 16776422 16776422 16776422 16776422 16776422 16776422 16776422 8337446 4200974 
4200974 8337446 16776422 16776422 16776422 16776422 16776422 16776422 16776422 16776422 16776422 16776422 16776422 16776422 16776422 16776422 16776422 16776422 16776422 16776422 8355443 8355443 8355443 16776422 16776422 8355443 13421240 8355443 13421240 8355443 16776422 16776422 16776422 8355443 8355443 8355443 16776422 16776422 0 16776422 16776422 16776422 16776422 16776422 16776422 16776422 8337446 4200974 
4200974 8337446 16776422 16776422 16776422 16776422 16776422 16776422 16776422 16776422 16776422 16776422 16776422 16776422 16776422 16776422 16776422 16776422 16776422 16776422 16776422 16776422 16776422 16776422 16776422 8355443 13421240 13421240 13421240 8355443 16776422 16776422 16776422 16776422 16776422 16776422 16776422 0 11108672 0 16776422 16776422 16776422 16776422 16776422 16776422 8337446 4200974 
4200974 8337446 16776422 16776422 16776422 16776422 16776422 11710627 11710627 8355443 8355443 16776422 16776422 16776422 16776422 16776422 16776422 16776422 16776422 16776422 16776422 16776422 16776422 16776422 16776422 8355443 8355443 8355443 8355443 16776422 16776422 16776422 16776422 16776422 16776422 16776422 16776422 0 5193768 0 0 0 0 16776422 16776422 16776422 8337446 4200974 
4200974 8337446 16776422 16776422 16776422 16776422 11710627 13421240 13421240 13421240 13421240 8355443 16776422 16776422 16776422 16776422 16776422 16776422 16776422 16776422 16776422 16776422 16776422 16776422 11710627 16776422 16776422 16776422 16776422 11710627 16776422 16776422 16776422 16776422 16776422 16776422 0 15412254 0 0 9483099 9483099 9483099 0 16776422 16776422 8337446 4200974 
4200974 8337446 16776422 16776422 16776422 16776422 8355443 13421240 8355443 8355443 8355443 16776422 16776422 11710627 16776422 8355443 16776422 16776422 16776422 16776422 16776422 16776422 16776422 11710627 13421240 8355443 16776422 16776422 8355443 13421240 8355443 16776422 16776422 16776422 16776422 0 15412254 16739683 16739683 15412254 0 0 5796655 5796655 0 16776422 8337446 4200974 
4200974 8337446 16776422 16776422 16776422 16776422 8355443 13421240 8355443 16776422 16776422 16776422 11710627 13421240 8355443 13421240 8355443 16776422 11710627 16776422 8355443 16776422 16776422 11710627 8355443 8355443 16776422 11710627 13421240 13421240 13421240 8355443 16776422 16776422 0 15412254 16445133 16739683 16739683 15412254 15412254 15412254 0 0 16776422 16776422 8337446 4200974 
4200974 8337446 16776422 16776422 16776422 16776422 8355443 13421240 13421240 13421240 8355443 16776422 11710627 13421240 13421240 8355443 16776422 11710627 13421240 8355443 13421240 8355443 16776422 8355443 13421240 8355443 16776422 16776422 8355443 13421240 8355443 16776422 16776422 16776422 0 15412254 16445133 16739683 15412254 15412254 15412254 15412254 0 16776422 16776422 16776422 8337446 4200974 
4200974 8337446 16776422 16776422 16776422 16776422 8355443 13421240 8355443 8355443 16776422 16776422 8355443 13421240 8355443 16776422 16776422 11710627 13421240 8355443 13421240 8355443 16776422 8355443 13421240 8355443 16776422 16776422 8355443 13421240 8355443 16776422 16776422 16776422 0 15412254 15412254 15412254 15412254 15412254 15412254 10817542 0 16776422 16776422 16776422 8337446 4200974 
4200974 8337446 8337446 16776422 16776422 16776422 8355443 13421240 8355443 16776422 16776422 16776422 8355443 13421240 8355443 16776422 16776422 8355443 13421240 13421240 13421240 8355443 16776422 8355443 13421240 8355443 16776422 16776422 8355443 13421240 8355443 16776422 16776422 16776422 0 10817542 15412254 15412254 10817542 15412254 10817542 10817542 0 16776422 16776422 8337446 8337446 4200974 
4200974 8337446 8337446 8337446 16776422 16776422 16776422 8355443 16776422 16776422 16776422 16776422 16776422 8355443 16776422 16776422 16776422 16776422 8355443 8355443 8355443 16776422 16776422 16776422 8355443 16776422 16776422 16776422 16776422 8355443 16776422 16776422 16776422 16776422 16776422 0 10817542 10817542 0 10817542 10817542 0 16776422 16776422 8337446 8337446 8337446 4200974 
4200974 8337446 8337446 8337446 8337446 16776422 16776422 16776422 16776422 16776422 16776422 16776422 16776422 16776422 16776422 16776422 16776422 16776422 16776422 16776422 16776422 16776422 16776422 16776422 16776422 16776422 16776422 16776422 16776422 16776422 16776422 16776422 16776422 16776422 16776422 16776422 0 0 16776422 0 0 16776422 16776422 8337446 8337446 8337446 8337446 4200974 
4200974 4200974 8337446 8337446 8337446 8337446 16776422 16776422 16776422 16776422 16776422 16776422 16776422 16776422 16776422 16776422 16776422 16776422 16776422 16776422 16776422 16776422 16776422 16776422 16776422 16776422 16776422 16776422 16776422 16776422 16776422 16776422 16776422 16776422 16776422 16776422 16776422 16776422 16776422 16776422 16776422 16776422 8337446 8337446 8337446 8337446 4200974 4200974 
4200974 4200974 4200974 8337446 8337446 8337446 8337446 8337446 8337446 8337446 8337446 8337446 8337446 8337446 8337446 8337446 8337446 8337446 8337446 8337446 8337446 8337446 8337446 8337446 8337446 8337446 8337446 8337446 8337446 8337446 8337446 8337446 8337446 8337446 8337446 8337446 8337446 8337446 8337446 8337446 8337446 8337446 8337446 8337446 8337446 4200974 4200974 4200974 
4200974 4200974 4200974 4200974 4200974 4200974 4200974 4200974 4200974 4200974 4200974 4200974 4200974 4200974 4200974 4200974 4200974 4200974 4200974 4200974 4200974 4200974 4200974 4200974 4200974 4200974 4200974 4200974 4200974 4200974 4200974 4200974 4200974 4200974 4200974 4200974 4200974 4200974 4200974 4200974 4200974 4200974 4200974 4200974 4200974 4200974 4200974 4200974 
